192
PP104383|culex_pipiens|ita|2023-08-02              0.0000000 0.0086932 0.0085907 0.0053309 0.0085270 0.0079539 0.0083947 0.0038346 0.0090547 0.0083973 0.0082651 0.0084170 0.0082507 0.0074104 0.0082258 0.0031379 0.0074539 0.0032367 0.0071039 0.0076781 0.0079676 0.0150464 0.0325175 0.0140064 0.0336405 0.0332785 0.0343919 0.0137877 0.0347560 0.0333983 0.0123169 0.0342825 0.0144210 0.0337655 0.0335927 0.0332935 0.0340472 0.0349095 0.0315382 0.0332375 0.0336172 0.0322652 0.0080682 0.0075654 0.0082727 0.0078584 0.0045754 0.0077633 0.0063562 0.0062830 0.0071662 0.0077514 0.0073689 0.0068644 0.0080250 0.0142049 0.0340648 0.0295652 0.0281523 0.0327081 0.0285288 0.0321092 0.0327579 0.0390158 0.0055220 0.0058585 0.0062402 0.0072559 0.0045301 0.0020513 0.0073656 0.0081975 0.0348667 0.0338551 0.0328091 0.0338357 0.0336076 0.0336290 0.0328367 0.0342886 0.0534036 0.0153628 0.0520592 0.0342205 0.0060360 0.0340910 0.0074586 0.0044365 0.0085766 0.0082703 0.0044308 0.0089801 0.0080701 0.0059367 0.0087906 0.0042378 0.0055374 0.0058398 0.0101180 0.0062353 0.0094880 0.0056372 0.0058437 0.0061406 0.0049483 0.0071525 0.0042511 0.0069515 0.0056665 0.0049467 0.0062391 0.0070526 0.0066423 0.0070534 0.0065462 0.0049529 0.0060464 0.0077597 0.0073489 0.0330480 0.0296796 0.0391006 0.0347029 0.0142186 0.0336326 0.0330790 0.0327173 0.0344924 0.0348171 0.0346207 0.0125746 0.0337722 0.0338888 0.0339421 0.0339969 0.0336577 0.0337964 0.0339225 0.0132743 0.0343625 0.0136835 0.0348874 0.0346092 0.0342362 0.0336765 0.0146415 0.0212057 0.0405827 0.0413153 0.0128772 0.0140250 0.0320794 0.0281891 0.0061382 0.0137041 0.0056304 0.0124090 0.0054338 0.0056335 0.0058316 0.0340190 0.0339165 0.0125150 0.0133634 0.0129381 0.0137063 0.0130408 0.0132498 0.0128339 0.0528327 0.0522210 0.0136898 0.0141207 0.0201795 0.0110373 0.0098092 0.0511314 0.0222965 0.0211703 0.0290569 0.0102288 0.0081999 0.0338638 0.0531543 0.0341964 0.0339038 0.0056322 0.0075264 0.0140064 0.0330486 0.0122120 0.0342436 
PP104384|culex_pipiens|ita|2023-09-22              0.0086932 0.0000000 0.0033709 0.0091088 0.0095316 0.0089527 0.0031582 0.0083212 0.0099636 0.0031525 0.0093392 0.0093291 0.0018225 0.0055078 0.0091262 0.0076326 0.0081589 0.0079456 0.0052282 0.0059410 0.0085859 0.0158494 0.0332651 0.0150954 0.0346897 0.0341906 0.0355958 0.0148667 0.0359763 0.0340589 0.0133328 0.0354818 0.0151869 0.0349404 0.0349348 0.0346016 0.0352769 0.0356321 0.0341285 0.0348123 0.0354764 0.0343153 0.0027527 0.0084897 0.0094638 0.0087325 0.0080575 0.0012114 0.0072080 0.0071536 0.0052279 0.0051347 0.0083888 0.0077148 0.0018679 0.0151922 0.0351639 0.0298441 0.0285243 0.0330302 0.0290709 0.0331909 0.0333379 0.0406802 0.0076730 0.0078257 0.0068955 0.0079533 0.0053232 0.0077346 0.0020252 0.0028442 0.0359845 0.0350484 0.0337585 0.0351226 0.0346676 0.0349354 0.0345387 0.0354879 0.0553917 0.0162855 0.0541453 0.0354148 0.0064715 0.0352909 0.0083753 0.0076329 0.0095405 0.0092212 0.0060532 0.0095357 0.0089071 0.0067910 0.0098710 0.0057495 0.0062675 0.0075296 0.0109341 0.0068898 0.0100639 0.0074249 0.0073246 0.0076337 0.0057615 0.0069998 0.0058738 0.0078468 0.0071455 0.0057585 0.0031487 0.0079521 0.0074187 0.0085902 0.0073192 0.0057670 0.0076450 0.0084776 0.0081547 0.0339504 0.0311093 0.0400233 0.0357979 0.0155360 0.0350426 0.0342245 0.0338471 0.0354576 0.0359169 0.0354709 0.0140036 0.0349477 0.0353112 0.0351429 0.0351818 0.0348283 0.0347321 0.0351057 0.0144508 0.0353217 0.0147580 0.0363574 0.0358218 0.0354318 0.0348486 0.0157580 0.0223827 0.0423553 0.0431260 0.0138737 0.0149002 0.0332513 0.0301643 0.0068925 0.0147844 0.0066799 0.0131056 0.0062644 0.0064723 0.0066783 0.0350844 0.0350993 0.0135383 0.0144239 0.0139798 0.0150056 0.0140868 0.0143047 0.0137628 0.0553880 0.0549930 0.0146559 0.0148840 0.0206859 0.0112704 0.0106124 0.0536015 0.0234174 0.0218776 0.0301832 0.0111573 0.0029524 0.0352882 0.0549813 0.0353926 0.0350856 0.0094283 0.0011121 0.0150954 0.0341916 0.0132233 0.0353184 
PP104386|culex_pipiens|ita|2023-09-08              0.0085907 0.0033709 0.0000000 0.0092151 0.0094796 0.0089164 0.0035294 0.0080957 0.0099045 0.0036287 0.0092191 0.0095334 0.0029112 0.0054240 0.0091111 0.0075429 0.0083795 0.0078522 0.0051682 0.0062853 0.0090138 0.0156666 0.0341925 0.0150294 0.0352328 0.0346188 0.0361318 0.0148034 0.0365091 0.0349815 0.0132869 0.0360189 0.0153482 0.0354814 0.0353660 0.0350297 0.0358493 0.0362686 0.0351184 0.0353703 0.0367057 0.0349244 0.0028116 0.0084881 0.0093038 0.0089098 0.0078571 0.0027091 0.0075416 0.0073804 0.0055814 0.0052634 0.0084953 0.0079427 0.0029754 0.0151252 0.0355782 0.0298139 0.0284936 0.0333226 0.0286742 0.0333667 0.0335991 0.0406581 0.0076591 0.0077945 0.0071285 0.0081760 0.0055715 0.0076437 0.0023049 0.0031162 0.0364018 0.0354737 0.0344382 0.0357976 0.0349756 0.0353619 0.0349815 0.0360248 0.0556302 0.0163147 0.0542870 0.0359514 0.0068119 0.0358337 0.0085938 0.0077568 0.0095372 0.0094312 0.0062944 0.0097425 0.0091203 0.0070252 0.0100747 0.0059940 0.0066101 0.0077565 0.0111269 0.0073300 0.0102652 0.0076528 0.0075537 0.0078595 0.0060073 0.0074393 0.0062214 0.0080706 0.0073773 0.0060052 0.0034175 0.0081748 0.0077505 0.0089139 0.0076522 0.0059068 0.0078710 0.0087995 0.0083883 0.0346192 0.0315622 0.0411915 0.0363314 0.0154650 0.0355824 0.0347720 0.0342783 0.0359945 0.0364493 0.0360079 0.0138115 0.0354888 0.0357294 0.0357054 0.0356011 0.0353704 0.0352755 0.0356459 0.0142757 0.0360996 0.0146959 0.0368870 0.0363554 0.0359685 0.0353909 0.0156844 0.0220048 0.0420554 0.0425666 0.0141462 0.0153780 0.0341770 0.0303919 0.0072305 0.0150465 0.0067082 0.0131693 0.0065036 0.0067094 0.0069133 0.0356245 0.0356395 0.0134902 0.0145812 0.0137064 0.0152654 0.0140324 0.0142479 0.0137121 0.0553511 0.0551070 0.0148110 0.0151480 0.0204559 0.0120471 0.0105972 0.0535861 0.0238241 0.0221948 0.0307688 0.0111360 0.0032233 0.0358474 0.0556641 0.0359307 0.0356257 0.0095313 0.0024063 0.0150294 0.0347389 0.0131787 0.0359765 
PP104387|sturnus_vulgaris|ita|2023-09-13           0.0053309 0.0091088 0.0092151 0.0000000 0.0091542 0.0085839 0.0087959 0.0052692 0.0095779 0.0088036 0.0088801 0.0090285 0.0088646 0.0080373 0.0088379 0.0045282 0.0078528 0.0046277 0.0077218 0.0082859 0.0083675 0.0154549 0.0328350 0.0146244 0.0339578 0.0333648 0.0339981 0.0144049 0.0345931 0.0334844 0.0129309 0.0343683 0.0150396 0.0338514 0.0333032 0.0330091 0.0338950 0.0350116 0.0316636 0.0334609 0.0334249 0.0323715 0.0085850 0.0081720 0.0090605 0.0084766 0.0051782 0.0081629 0.0069568 0.0069876 0.0075656 0.0083732 0.0077686 0.0073820 0.0087690 0.0148229 0.0341636 0.0292866 0.0284615 0.0327281 0.0284894 0.0326358 0.0324079 0.0384095 0.0061567 0.0056369 0.0066377 0.0076549 0.0049250 0.0042282 0.0077651 0.0085989 0.0347017 0.0339420 0.0328968 0.0341538 0.0336947 0.0334821 0.0328226 0.0341269 0.0526141 0.0157716 0.0515248 0.0343061 0.0064331 0.0341774 0.0078578 0.0048319 0.0089771 0.0086704 0.0048256 0.0093808 0.0084702 0.0063337 0.0091917 0.0046329 0.0059341 0.0062370 0.0105204 0.0066325 0.0098891 0.0062372 0.0062411 0.0065380 0.0053453 0.0075512 0.0048485 0.0073501 0.0060653 0.0053435 0.0066365 0.0074513 0.0068385 0.0076575 0.0069443 0.0053503 0.0066481 0.0081592 0.0077476 0.0331344 0.0293481 0.0389454 0.0347883 0.0150477 0.0339499 0.0331654 0.0328040 0.0345780 0.0349024 0.0344583 0.0132768 0.0336118 0.0339747 0.0336583 0.0340827 0.0337437 0.0338824 0.0340084 0.0138957 0.0344481 0.0145105 0.0347243 0.0346946 0.0340901 0.0337626 0.0152609 0.0211863 0.0399718 0.0407008 0.0132878 0.0142230 0.0319730 0.0287772 0.0064358 0.0139021 0.0060267 0.0123986 0.0058301 0.0060300 0.0062282 0.0341048 0.0340024 0.0133373 0.0139795 0.0135530 0.0143243 0.0136559 0.0138653 0.0134487 0.0522962 0.0521920 0.0142043 0.0147394 0.0218425 0.0110367 0.0102113 0.0505998 0.0223979 0.0211509 0.0287259 0.0108375 0.0086064 0.0341852 0.0523655 0.0340348 0.0337430 0.0010709 0.0079348 0.0146244 0.0331350 0.0128257 0.0343292 
PP104389|culex_pipiens|ita|2023-09-22              0.0085270 0.0095316 0.0094796 0.0091542 0.0000000 0.0071485 0.0093937 0.0083448 0.0024294 0.0094974 0.0017207 0.0017080 0.0091617 0.0084082 0.0002997 0.0078923 0.0082102 0.0077854 0.0081205 0.0088348 0.0092678 0.0163916 0.0339489 0.0153146 0.0349921 0.0346159 0.0358929 0.0150871 0.0362711 0.0347402 0.0135619 0.0357797 0.0156351 0.0352413 0.0348514 0.0346550 0.0357335 0.0360866 0.0343395 0.0352549 0.0356833 0.0342376 0.0088448 0.0066405 0.0022754 0.0072674 0.0075814 0.0087410 0.0073692 0.0072063 0.0081239 0.0086419 0.0066464 0.0077677 0.0090428 0.0153019 0.0354565 0.0296181 0.0285075 0.0321865 0.0291280 0.0319571 0.0320829 0.0397562 0.0078038 0.0071421 0.0071627 0.0069531 0.0055980 0.0075760 0.0083191 0.0091701 0.0365278 0.0353523 0.0343894 0.0355578 0.0350956 0.0352402 0.0349887 0.0360267 0.0543535 0.0166069 0.0529499 0.0357125 0.0068445 0.0355923 0.0069533 0.0076895 0.0095833 0.0092660 0.0061173 0.0098950 0.0090590 0.0070588 0.0099118 0.0059190 0.0049794 0.0075848 0.0111809 0.0038456 0.0105264 0.0075850 0.0075900 0.0078973 0.0044780 0.0078987 0.0061472 0.0064326 0.0073081 0.0028349 0.0073697 0.0067442 0.0050816 0.0088499 0.0064310 0.0029407 0.0076958 0.0046668 0.0083106 0.0338837 0.0305327 0.0396808 0.0358358 0.0157527 0.0353426 0.0347696 0.0340352 0.0354982 0.0362116 0.0360098 0.0146290 0.0352486 0.0354898 0.0354590 0.0351049 0.0351299 0.0352748 0.0354059 0.0144495 0.0361018 0.0151963 0.0366499 0.0358595 0.0358417 0.0351503 0.0159734 0.0225542 0.0411544 0.0417700 0.0137746 0.0152358 0.0324304 0.0287712 0.0068489 0.0151206 0.0067402 0.0130186 0.0061200 0.0065338 0.0066336 0.0353846 0.0353830 0.0139818 0.0146468 0.0142052 0.0151228 0.0143115 0.0145282 0.0139895 0.0540132 0.0538888 0.0150949 0.0154341 0.0222339 0.0114232 0.0104365 0.0518723 0.0232522 0.0216208 0.0299732 0.0110815 0.0090736 0.0357272 0.0543581 0.0356912 0.0353858 0.0094718 0.0084261 0.0153146 0.0347363 0.0134531 0.0357376 
PP104390|columbidae_sp|ita|2023-08-25              0.0079539 0.0089527 0.0089164 0.0085839 0.0071485 0.0000000 0.0089322 0.0078819 0.0075639 0.0088207 0.0068747 0.0072121 0.0087045 0.0078193 0.0070065 0.0072121 0.0073207 0.0071050 0.0074396 0.0081580 0.0085916 0.0155178 0.0322444 0.0139928 0.0337866 0.0334104 0.0346868 0.0142096 0.0350650 0.0335347 0.0125704 0.0345732 0.0146466 0.0340359 0.0337356 0.0335554 0.0340646 0.0348526 0.0329528 0.0338597 0.0339421 0.0330270 0.0083866 0.0052228 0.0067570 0.0056415 0.0072144 0.0080629 0.0064757 0.0067360 0.0074427 0.0073292 0.0018262 0.0070433 0.0080087 0.0145342 0.0342290 0.0291181 0.0279063 0.0321803 0.0285238 0.0315607 0.0314384 0.0393161 0.0070860 0.0061530 0.0062692 0.0061652 0.0049099 0.0069997 0.0076397 0.0082784 0.0350505 0.0340098 0.0330453 0.0340934 0.0337533 0.0338971 0.0334500 0.0346922 0.0542058 0.0157339 0.0528354 0.0345082 0.0060568 0.0341169 0.0062686 0.0069032 0.0084802 0.0081627 0.0053266 0.0087928 0.0079540 0.0062710 0.0087002 0.0051267 0.0033578 0.0066921 0.0100785 0.0049073 0.0094252 0.0067984 0.0068028 0.0071117 0.0032668 0.0073229 0.0053518 0.0054353 0.0065168 0.0023417 0.0065831 0.0058505 0.0051178 0.0080679 0.0046982 0.0036855 0.0066992 0.0063717 0.0075268 0.0329318 0.0299065 0.0396848 0.0347601 0.0147639 0.0341380 0.0335631 0.0328281 0.0345497 0.0347500 0.0348039 0.0127960 0.0339149 0.0342846 0.0343514 0.0341561 0.0339240 0.0340682 0.0341992 0.0131243 0.0348973 0.0142072 0.0354439 0.0349122 0.0347658 0.0339437 0.0149848 0.0218130 0.0405874 0.0410122 0.0131135 0.0139115 0.0325408 0.0288609 0.0062693 0.0140173 0.0055361 0.0121317 0.0055378 0.0057451 0.0059509 0.0341786 0.0344340 0.0128864 0.0137685 0.0132113 0.0137978 0.0134329 0.0136502 0.0131099 0.0537740 0.0537942 0.0139991 0.0142201 0.0215317 0.0117173 0.0097583 0.0519867 0.0227277 0.0208646 0.0295850 0.0103001 0.0086107 0.0341248 0.0539464 0.0342427 0.0341797 0.0087969 0.0077469 0.0139928 0.0335310 0.0124614 0.0345324 
PP104391|turdus_merula|ita|2023-09-07              0.0083947 0.0031582 0.0035294 0.0087959 0.0093937 0.0089322 0.0000000 0.0082050 0.0100349 0.0032902 0.0092212 0.0092652 0.0031748 0.0054335 0.0088647 0.0073715 0.0078794 0.0076759 0.0051557 0.0060630 0.0086000 0.0152958 0.0329872 0.0146740 0.0340995 0.0335191 0.0348707 0.0144538 0.0352367 0.0338714 0.0129747 0.0347609 0.0150906 0.0342406 0.0337015 0.0335281 0.0345387 0.0357256 0.0334365 0.0342252 0.0342023 0.0335668 0.0028179 0.0084039 0.0094340 0.0088201 0.0078516 0.0025497 0.0071834 0.0072153 0.0051516 0.0051678 0.0082027 0.0078289 0.0029813 0.0148731 0.0344429 0.0295706 0.0284474 0.0327870 0.0286922 0.0325634 0.0329561 0.0398725 0.0075682 0.0082505 0.0066602 0.0076808 0.0051427 0.0074700 0.0021576 0.0029546 0.0352353 0.0344541 0.0333285 0.0345454 0.0339698 0.0342270 0.0339546 0.0347669 0.0543626 0.0158251 0.0524763 0.0346976 0.0064549 0.0345719 0.0080880 0.0074752 0.0092121 0.0089042 0.0058474 0.0092077 0.0086010 0.0065594 0.0095306 0.0055539 0.0061558 0.0072720 0.0105560 0.0068570 0.0097173 0.0071710 0.0070740 0.0073726 0.0055659 0.0069632 0.0057745 0.0073750 0.0069002 0.0055640 0.0030427 0.0076797 0.0072666 0.0085016 0.0071704 0.0055711 0.0073831 0.0083906 0.0079770 0.0335195 0.0302093 0.0401528 0.0351826 0.0150988 0.0341069 0.0335510 0.0331874 0.0349715 0.0352973 0.0348669 0.0135706 0.0342475 0.0345975 0.0342961 0.0344731 0.0341325 0.0340393 0.0343990 0.0140494 0.0348407 0.0143490 0.0356033 0.0350887 0.0347137 0.0341516 0.0153127 0.0216944 0.0414499 0.0421897 0.0135404 0.0146935 0.0326208 0.0291798 0.0067597 0.0143707 0.0064524 0.0128577 0.0060512 0.0062519 0.0064509 0.0344956 0.0343929 0.0133825 0.0140269 0.0135990 0.0143730 0.0137021 0.0139123 0.0134943 0.0535080 0.0534011 0.0145666 0.0147895 0.0201975 0.0122983 0.0102458 0.0517977 0.0221324 0.0218797 0.0294319 0.0108742 0.0002953 0.0346989 0.0541118 0.0346746 0.0343800 0.0091041 0.0023047 0.0146740 0.0335200 0.0128692 0.0347212 
OR921093|culex_pipiens|ita|2023-08-11              0.0038346 0.0083212 0.0080957 0.0052692 0.0083448 0.0078819 0.0082050 0.0000000 0.0088736 0.0080954 0.0081683 0.0084931 0.0077661 0.0071249 0.0080730 0.0018040 0.0075523 0.0027133 0.0067334 0.0075483 0.0081838 0.0150280 0.0329656 0.0141760 0.0340015 0.0336288 0.0348932 0.0137360 0.0352678 0.0338705 0.0124403 0.0347808 0.0144940 0.0342483 0.0339214 0.0336092 0.0345620 0.0349253 0.0323298 0.0339798 0.0340382 0.0329911 0.0076803 0.0072442 0.0080731 0.0078842 0.0045539 0.0075579 0.0065108 0.0063439 0.0069438 0.0075752 0.0072505 0.0069911 0.0076306 0.0140567 0.0343038 0.0289340 0.0273944 0.0325955 0.0281397 0.0319923 0.0326454 0.0392085 0.0053294 0.0063423 0.0063057 0.0073490 0.0045496 0.0027140 0.0071403 0.0079818 0.0353884 0.0342257 0.0330154 0.0345602 0.0339717 0.0341142 0.0335762 0.0347869 0.0544943 0.0152414 0.0533853 0.0347160 0.0059909 0.0345874 0.0074517 0.0045559 0.0083904 0.0081822 0.0044477 0.0089106 0.0079767 0.0059940 0.0087160 0.0042495 0.0055832 0.0058946 0.0100785 0.0063007 0.0094319 0.0058948 0.0058986 0.0062034 0.0049802 0.0070351 0.0044691 0.0070363 0.0057169 0.0049784 0.0060981 0.0071402 0.0065118 0.0072477 0.0066201 0.0049849 0.0063159 0.0077624 0.0072340 0.0332579 0.0299238 0.0397377 0.0350932 0.0146100 0.0343494 0.0335426 0.0330523 0.0347574 0.0352105 0.0350091 0.0129503 0.0342554 0.0344946 0.0344439 0.0343674 0.0341376 0.0341617 0.0344104 0.0132996 0.0348625 0.0138441 0.0354032 0.0351163 0.0347324 0.0341572 0.0148285 0.0214646 0.0405970 0.0413483 0.0130793 0.0143062 0.0327521 0.0289937 0.0062010 0.0139762 0.0056795 0.0123237 0.0054776 0.0056826 0.0058861 0.0343898 0.0344041 0.0130713 0.0133006 0.0128642 0.0139785 0.0129696 0.0131841 0.0128644 0.0541839 0.0539427 0.0141739 0.0142935 0.0203190 0.0105363 0.0097615 0.0524269 0.0222360 0.0206299 0.0295240 0.0100867 0.0078883 0.0345970 0.0542375 0.0346925 0.0343909 0.0055785 0.0072460 0.0141760 0.0335109 0.0123325 0.0347401 
OR921096|turdus_merula|ita|2023-09-07              0.0090547 0.0099636 0.0099045 0.0095779 0.0024294 0.0075639 0.0100349 0.0088736 0.0000000 0.0099230 0.0012174 0.0027222 0.0095857 0.0087168 0.0025206 0.0083129 0.0085252 0.0082056 0.0085425 0.0092575 0.0096921 0.0165056 0.0339368 0.0150983 0.0349796 0.0346036 0.0356226 0.0152001 0.0360000 0.0347279 0.0135629 0.0357669 0.0156363 0.0352287 0.0345774 0.0343854 0.0357284 0.0360678 0.0349584 0.0352420 0.0358385 0.0343667 0.0093780 0.0068500 0.0017380 0.0076867 0.0083156 0.0091641 0.0077886 0.0076278 0.0085461 0.0090650 0.0068561 0.0080895 0.0094738 0.0155239 0.0354436 0.0298520 0.0288630 0.0319431 0.0293607 0.0317074 0.0318395 0.0399786 0.0083354 0.0076243 0.0074772 0.0070589 0.0060128 0.0081004 0.0087411 0.0095946 0.0363837 0.0350801 0.0343770 0.0355451 0.0350829 0.0352275 0.0349757 0.0358851 0.0544509 0.0167211 0.0530896 0.0355799 0.0070542 0.0354585 0.0070591 0.0081100 0.0097949 0.0094773 0.0064297 0.0101068 0.0092701 0.0073732 0.0101241 0.0062315 0.0050846 0.0080050 0.0113944 0.0039488 0.0105271 0.0079006 0.0079057 0.0082133 0.0045820 0.0082148 0.0065643 0.0065380 0.0076247 0.0029376 0.0076846 0.0068498 0.0051858 0.0092752 0.0065364 0.0030436 0.0078024 0.0047706 0.0086271 0.0341260 0.0301630 0.0404048 0.0360804 0.0155360 0.0353300 0.0347572 0.0337688 0.0357427 0.0361986 0.0359969 0.0145795 0.0351080 0.0354772 0.0351903 0.0353487 0.0351174 0.0352622 0.0351366 0.0144506 0.0360889 0.0151975 0.0363779 0.0356062 0.0355963 0.0348978 0.0159746 0.0225562 0.0413774 0.0419937 0.0141049 0.0152308 0.0310934 0.0282940 0.0071628 0.0152276 0.0070538 0.0131244 0.0062228 0.0068471 0.0069481 0.0351154 0.0353703 0.0138722 0.0147593 0.0143173 0.0151208 0.0144237 0.0146405 0.0141014 0.0540082 0.0540288 0.0152079 0.0154353 0.0230234 0.0118137 0.0105412 0.0519847 0.0231259 0.0217307 0.0292531 0.0112952 0.0097134 0.0357143 0.0544555 0.0354211 0.0351166 0.0097906 0.0088485 0.0150983 0.0347240 0.0134541 0.0357248 
OR921098|columba_palumbus|ita|2023-08-23           0.0083973 0.0031525 0.0036287 0.0088036 0.0094974 0.0088207 0.0032902 0.0080954 0.0099230 0.0000000 0.0092344 0.0090185 0.0032994 0.0055239 0.0090290 0.0071533 0.0078756 0.0076673 0.0052454 0.0062199 0.0083979 0.0157061 0.0329645 0.0144344 0.0338719 0.0335032 0.0348724 0.0144250 0.0352432 0.0338602 0.0129276 0.0345247 0.0150697 0.0339986 0.0343233 0.0340075 0.0344207 0.0347165 0.0337276 0.0339759 0.0343589 0.0334184 0.0029167 0.0084066 0.0093126 0.0085008 0.0077764 0.0026809 0.0069466 0.0068917 0.0052073 0.0052669 0.0082029 0.0075418 0.0030822 0.0148495 0.0340707 0.0297214 0.0283078 0.0331330 0.0288414 0.0331519 0.0331635 0.0402339 0.0075633 0.0071544 0.0068459 0.0076745 0.0051041 0.0074611 0.0022810 0.0030838 0.0352418 0.0340920 0.0333100 0.0343065 0.0339596 0.0342203 0.0339439 0.0347673 0.0547525 0.0159176 0.0529808 0.0344611 0.0065333 0.0343317 0.0080868 0.0074663 0.0092250 0.0089132 0.0058184 0.0092206 0.0086062 0.0065392 0.0095476 0.0055213 0.0061296 0.0072606 0.0105860 0.0068404 0.0097366 0.0071583 0.0070602 0.0073624 0.0055334 0.0069479 0.0057441 0.0072585 0.0068841 0.0055314 0.0031803 0.0076734 0.0072551 0.0085056 0.0071577 0.0055386 0.0073731 0.0082900 0.0079744 0.0335036 0.0306140 0.0407204 0.0348340 0.0150780 0.0340986 0.0333006 0.0332849 0.0345017 0.0349500 0.0347506 0.0136496 0.0342411 0.0343597 0.0344196 0.0342339 0.0341246 0.0340302 0.0341585 0.0136933 0.0348420 0.0145322 0.0356146 0.0348567 0.0344773 0.0339083 0.0152946 0.0214182 0.0418666 0.0426179 0.0134525 0.0145578 0.0331799 0.0294545 0.0067420 0.0144506 0.0064308 0.0129175 0.0060247 0.0062279 0.0064293 0.0341383 0.0341524 0.0133404 0.0139928 0.0135595 0.0144528 0.0136640 0.0138768 0.0134536 0.0540285 0.0539191 0.0144323 0.0147648 0.0208427 0.0120502 0.0102719 0.0522915 0.0229875 0.0217201 0.0298254 0.0109083 0.0029915 0.0344593 0.0544981 0.0346737 0.0343753 0.0091157 0.0024038 0.0144344 0.0332695 0.0128207 0.0344848 
OR921100|culex_pipiens|ita|2023-09-08              0.0082651 0.0093392 0.0092191 0.0088801 0.0017207 0.0068747 0.0092212 0.0081683 0.0012174 0.0092344 0.0000000 0.0020866 0.0088646 0.0082478 0.0018899 0.0076429 0.0078519 0.0075404 0.0079251 0.0084929 0.0089919 0.0157615 0.0327845 0.0147065 0.0340375 0.0335542 0.0346817 0.0144842 0.0350502 0.0336754 0.0129911 0.0344531 0.0151271 0.0338049 0.0336133 0.0334398 0.0342314 0.0356403 0.0330319 0.0337851 0.0342513 0.0328063 0.0085827 0.0061101 0.0010772 0.0070997 0.0077163 0.0083718 0.0071494 0.0069678 0.0077666 0.0084805 0.0060138 0.0075844 0.0088840 0.0146946 0.0341160 0.0289237 0.0279735 0.0310672 0.0283433 0.0311787 0.0314732 0.0382498 0.0076373 0.0069215 0.0068254 0.0064162 0.0052912 0.0073329 0.0079687 0.0088145 0.0352853 0.0341409 0.0332007 0.0342360 0.0340091 0.0339014 0.0334962 0.0348124 0.0524410 0.0159723 0.0510567 0.0342730 0.0066179 0.0340245 0.0064164 0.0074392 0.0091972 0.0088863 0.0058011 0.0096064 0.0086833 0.0067236 0.0095187 0.0056063 0.0044848 0.0072388 0.0106581 0.0033744 0.0100181 0.0072391 0.0072437 0.0074413 0.0039920 0.0074440 0.0058292 0.0059066 0.0069661 0.0023830 0.0070284 0.0062117 0.0045836 0.0084767 0.0059052 0.0024860 0.0072449 0.0042791 0.0079505 0.0330875 0.0287565 0.0384934 0.0348782 0.0149220 0.0340294 0.0334692 0.0329864 0.0346654 0.0349937 0.0349132 0.0139534 0.0340541 0.0341721 0.0342339 0.0342888 0.0338208 0.0339506 0.0340888 0.0138552 0.0348868 0.0145911 0.0354195 0.0345483 0.0342811 0.0336056 0.0153513 0.0214473 0.0395864 0.0405636 0.0131291 0.0142943 0.0296419 0.0270362 0.0065179 0.0141818 0.0064116 0.0124519 0.0058036 0.0062093 0.0063072 0.0339364 0.0343175 0.0131863 0.0140533 0.0136212 0.0141841 0.0137254 0.0139375 0.0135156 0.0520923 0.0521022 0.0145980 0.0148231 0.0226729 0.0108245 0.0098217 0.0500075 0.0223447 0.0209761 0.0280911 0.0105564 0.0090346 0.0343873 0.0524452 0.0344840 0.0341874 0.0091914 0.0082503 0.0147065 0.0333215 0.0128846 0.0344135 
OR921101|culex_pipiens|ita|2023-09-08              0.0084170 0.0093291 0.0095334 0.0090285 0.0017080 0.0072121 0.0092652 0.0084931 0.0027222 0.0090185 0.0020866 0.0000000 0.0091262 0.0082511 0.0015723 0.0077981 0.0079040 0.0076962 0.0079322 0.0083082 0.0090366 0.0158679 0.0331675 0.0148194 0.0344154 0.0339334 0.0350570 0.0145983 0.0351896 0.0340542 0.0131141 0.0349468 0.0150254 0.0344247 0.0341545 0.0339737 0.0349941 0.0354017 0.0335337 0.0344145 0.0344571 0.0332539 0.0089038 0.0067885 0.0023805 0.0075405 0.0076236 0.0084208 0.0072057 0.0072373 0.0078192 0.0084809 0.0067944 0.0075957 0.0088794 0.0150190 0.0346191 0.0293012 0.0281273 0.0321031 0.0288427 0.0319919 0.0322707 0.0395004 0.0077604 0.0067004 0.0068836 0.0068848 0.0053584 0.0074897 0.0080202 0.0088385 0.0356630 0.0346411 0.0335864 0.0347308 0.0343912 0.0344134 0.0341454 0.0351871 0.0532410 0.0160775 0.0521436 0.0348830 0.0066773 0.0347586 0.0068850 0.0077022 0.0090358 0.0087271 0.0058653 0.0094422 0.0085255 0.0067824 0.0093548 0.0056717 0.0049599 0.0072946 0.0105897 0.0038525 0.0099539 0.0072949 0.0072995 0.0075991 0.0044698 0.0076004 0.0058935 0.0063770 0.0070238 0.0028660 0.0070853 0.0066810 0.0050578 0.0087333 0.0063755 0.0029693 0.0074026 0.0046540 0.0080019 0.0334686 0.0298476 0.0396927 0.0352528 0.0152457 0.0340573 0.0339659 0.0332522 0.0349238 0.0353678 0.0351706 0.0142168 0.0344316 0.0347827 0.0347415 0.0346579 0.0343162 0.0344565 0.0345837 0.0139810 0.0350267 0.0147046 0.0357921 0.0352756 0.0351332 0.0343355 0.0154603 0.0219746 0.0410794 0.0418191 0.0135348 0.0147419 0.0313372 0.0278941 0.0065779 0.0146298 0.0064722 0.0126900 0.0058678 0.0062711 0.0064707 0.0346806 0.0348115 0.0135231 0.0141699 0.0137404 0.0146320 0.0138439 0.0140548 0.0136354 0.0531775 0.0533262 0.0147115 0.0149353 0.0222801 0.0107803 0.0100719 0.0509564 0.0226505 0.0210684 0.0292969 0.0109090 0.0090284 0.0348867 0.0532453 0.0348604 0.0345646 0.0093381 0.0082535 0.0148194 0.0339343 0.0130082 0.0349068 
OR921103|culex_pipiens|ita|2023-08-11              0.0082507 0.0018225 0.0029112 0.0088646 0.0091617 0.0087045 0.0031748 0.0077661 0.0095857 0.0032994 0.0088646 0.0091262 0.0000000 0.0053192 0.0087152 0.0072209 0.0079407 0.0075262 0.0050444 0.0059037 0.0084592 0.0156328 0.0335105 0.0147925 0.0347673 0.0340472 0.0354144 0.0145702 0.0357845 0.0344034 0.0130785 0.0353034 0.0152125 0.0347768 0.0346193 0.0343004 0.0349730 0.0358161 0.0339470 0.0345269 0.0350654 0.0340081 0.0025080 0.0080472 0.0090676 0.0085919 0.0076952 0.0011797 0.0071295 0.0069571 0.0051911 0.0049527 0.0080540 0.0075635 0.0016337 0.0148869 0.0348590 0.0291828 0.0279091 0.0332125 0.0283064 0.0332446 0.0336353 0.0399753 0.0073371 0.0077981 0.0067117 0.0077406 0.0051820 0.0073202 0.0019735 0.0027763 0.0357900 0.0348798 0.0338621 0.0350859 0.0345094 0.0347699 0.0339970 0.0353094 0.0547726 0.0161672 0.0529102 0.0352385 0.0065047 0.0349979 0.0081511 0.0075332 0.0092843 0.0089738 0.0058924 0.0092798 0.0086682 0.0066101 0.0096055 0.0055966 0.0062023 0.0073284 0.0106393 0.0069100 0.0097936 0.0072266 0.0070268 0.0074298 0.0055073 0.0070171 0.0057174 0.0076370 0.0069539 0.0056068 0.0030658 0.0077395 0.0073229 0.0084652 0.0072260 0.0056141 0.0074405 0.0084560 0.0080391 0.0340476 0.0309322 0.0405948 0.0357289 0.0152209 0.0348763 0.0340800 0.0337123 0.0355159 0.0358448 0.0354105 0.0136876 0.0347839 0.0351376 0.0349692 0.0350117 0.0346676 0.0345739 0.0349375 0.0140494 0.0353835 0.0144646 0.0361552 0.0356344 0.0352550 0.0346873 0.0154367 0.0220952 0.0415720 0.0423169 0.0136501 0.0145992 0.0333737 0.0296611 0.0068120 0.0144867 0.0065022 0.0126447 0.0060978 0.0063001 0.0065006 0.0349168 0.0349312 0.0132787 0.0141397 0.0137080 0.0147017 0.0138121 0.0140240 0.0136025 0.0539521 0.0538434 0.0143651 0.0149089 0.0204763 0.0112760 0.0101190 0.0522247 0.0232157 0.0218372 0.0300308 0.0106479 0.0028969 0.0352467 0.0545197 0.0352165 0.0349180 0.0091754 0.0010956 0.0147925 0.0340481 0.0129721 0.0352627 
OR921104|culex_pipiens|ita|2023-09-08              0.0074104 0.0055078 0.0054240 0.0080373 0.0084082 0.0078193 0.0054335 0.0071249 0.0087168 0.0055239 0.0082478 0.0082511 0.0053192 0.0000000 0.0080454 0.0064642 0.0069896 0.0065664 0.0005019 0.0048938 0.0074144 0.0143967 0.0325262 0.0134285 0.0338236 0.0334484 0.0344807 0.0133142 0.0348575 0.0334449 0.0116861 0.0343676 0.0137484 0.0338325 0.0336497 0.0334629 0.0341365 0.0344863 0.0330630 0.0340513 0.0341823 0.0329579 0.0049048 0.0072048 0.0085335 0.0079472 0.0066750 0.0048997 0.0063589 0.0064051 0.0029360 0.0053201 0.0075302 0.0067820 0.0050085 0.0136368 0.0341350 0.0281880 0.0270263 0.0315095 0.0276020 0.0312702 0.0312848 0.0396216 0.0065275 0.0057478 0.0058401 0.0068893 0.0043829 0.0064617 0.0044859 0.0053192 0.0349651 0.0339255 0.0330772 0.0341455 0.0339124 0.0338131 0.0335200 0.0344862 0.0540096 0.0148291 0.0523690 0.0343032 0.0055237 0.0341699 0.0070988 0.0063634 0.0080407 0.0079378 0.0050050 0.0083554 0.0076258 0.0057364 0.0085805 0.0048044 0.0053204 0.0065734 0.0098475 0.0060432 0.0090910 0.0063650 0.0064735 0.0066752 0.0046079 0.0060466 0.0051319 0.0067837 0.0062920 0.0047097 0.0034541 0.0066793 0.0063586 0.0077334 0.0063645 0.0046123 0.0066868 0.0075150 0.0069859 0.0330827 0.0296135 0.0392270 0.0349230 0.0138644 0.0341741 0.0333614 0.0326291 0.0345847 0.0348005 0.0345974 0.0123585 0.0337120 0.0343202 0.0341409 0.0341921 0.0339606 0.0337369 0.0339950 0.0126659 0.0344502 0.0130957 0.0348649 0.0349462 0.0343195 0.0339803 0.0138666 0.0210904 0.0410259 0.0416439 0.0127590 0.0137755 0.0318578 0.0284425 0.0059427 0.0135551 0.0056272 0.0117865 0.0051097 0.0052136 0.0056258 0.0342145 0.0342289 0.0124307 0.0128762 0.0124373 0.0136623 0.0127589 0.0127592 0.0124375 0.0534336 0.0531924 0.0135376 0.0135461 0.0188045 0.0097469 0.0093164 0.0515253 0.0221098 0.0203649 0.0288189 0.0098556 0.0051202 0.0342992 0.0537513 0.0342785 0.0339756 0.0082491 0.0045901 0.0134285 0.0333296 0.0115778 0.0343271 
OR921106|culex_pipiens|ita|2023-08-24              0.0082258 0.0091262 0.0091111 0.0088379 0.0002997 0.0070065 0.0088647 0.0080730 0.0025206 0.0090290 0.0018899 0.0015723 0.0087152 0.0080454 0.0000000 0.0076067 0.0077126 0.0075047 0.0077325 0.0083216 0.0088457 0.0156816 0.0329945 0.0146321 0.0342440 0.0337615 0.0348860 0.0144110 0.0352535 0.0338825 0.0129258 0.0347757 0.0150505 0.0342532 0.0338237 0.0336477 0.0346842 0.0357231 0.0332859 0.0342381 0.0345305 0.0331629 0.0085910 0.0063875 0.0021641 0.0071234 0.0074294 0.0082295 0.0070103 0.0068335 0.0076273 0.0082771 0.0063931 0.0073969 0.0086711 0.0148321 0.0344447 0.0290531 0.0281176 0.0316387 0.0287300 0.0315195 0.0318056 0.0392858 0.0075473 0.0069257 0.0066915 0.0066927 0.0051656 0.0072982 0.0078273 0.0086484 0.0354904 0.0344677 0.0334119 0.0345593 0.0342176 0.0342397 0.0339664 0.0350163 0.0533448 0.0158915 0.0521172 0.0347121 0.0063817 0.0345860 0.0066929 0.0075105 0.0090505 0.0087413 0.0056728 0.0094576 0.0085394 0.0065902 0.0093701 0.0054788 0.0047667 0.0071027 0.0106070 0.0036589 0.0099702 0.0071029 0.0071074 0.0074074 0.0042758 0.0074087 0.0057001 0.0061846 0.0068308 0.0026712 0.0068934 0.0064888 0.0048648 0.0085422 0.0061831 0.0027743 0.0072106 0.0044609 0.0078106 0.0330489 0.0296717 0.0396644 0.0348320 0.0150587 0.0343524 0.0337939 0.0330795 0.0345028 0.0351974 0.0349998 0.0139945 0.0342601 0.0346116 0.0344376 0.0342374 0.0341446 0.0342849 0.0344122 0.0137847 0.0350903 0.0145173 0.0356217 0.0348545 0.0349625 0.0341639 0.0152735 0.0219024 0.0406203 0.0413578 0.0131283 0.0145543 0.0313935 0.0279556 0.0063857 0.0144421 0.0062801 0.0125014 0.0056752 0.0060787 0.0062786 0.0343921 0.0343905 0.0133353 0.0139824 0.0135526 0.0144443 0.0136562 0.0138673 0.0134475 0.0531529 0.0533019 0.0145242 0.0147480 0.0215663 0.0110375 0.0098817 0.0509279 0.0224685 0.0211046 0.0291204 0.0107192 0.0086213 0.0347136 0.0533491 0.0346890 0.0343931 0.0091477 0.0080503 0.0146321 0.0337625 0.0128198 0.0347358 
OR757492|culex_pipiens|ita|2023-07-24              0.0031379 0.0076326 0.0075429 0.0045282 0.0078923 0.0072121 0.0073715 0.0018040 0.0083129 0.0071533 0.0076429 0.0077981 0.0072209 0.0064642 0.0076067 0.0000000 0.0068422 0.0018552 0.0062746 0.0068616 0.0075560 0.0141935 0.0315527 0.0131577 0.0329010 0.0323111 0.0334165 0.0129406 0.0337781 0.0324301 0.0114774 0.0333076 0.0135707 0.0327948 0.0325726 0.0322901 0.0330287 0.0338775 0.0309276 0.0324942 0.0326401 0.0315889 0.0069187 0.0069525 0.0079318 0.0074368 0.0039699 0.0067462 0.0059485 0.0059747 0.0063526 0.0069161 0.0067563 0.0064430 0.0069592 0.0133560 0.0328329 0.0286642 0.0272806 0.0319534 0.0278723 0.0316003 0.0320024 0.0382641 0.0048863 0.0052162 0.0054330 0.0064431 0.0039306 0.0020515 0.0063496 0.0071744 0.0338761 0.0328720 0.0315101 0.0330936 0.0326262 0.0326469 0.0320857 0.0333138 0.0523322 0.0145084 0.0512438 0.0332476 0.0052292 0.0331099 0.0066448 0.0036381 0.0077575 0.0074528 0.0036334 0.0081595 0.0072532 0.0051302 0.0079695 0.0034402 0.0047327 0.0052342 0.0092910 0.0054277 0.0086652 0.0050335 0.0050376 0.0053337 0.0041455 0.0061392 0.0037501 0.0061402 0.0048580 0.0041441 0.0052309 0.0062409 0.0058333 0.0064453 0.0057370 0.0041494 0.0054415 0.0069448 0.0065366 0.0318383 0.0289580 0.0385863 0.0337270 0.0135780 0.0328933 0.0321116 0.0317523 0.0335170 0.0338406 0.0336441 0.0122124 0.0328012 0.0329172 0.0329434 0.0330250 0.0326873 0.0328245 0.0329497 0.0124226 0.0333882 0.0130454 0.0339085 0.0336331 0.0332628 0.0327054 0.0137895 0.0200964 0.0398244 0.0405521 0.0122356 0.0133846 0.0313458 0.0277124 0.0053317 0.0130650 0.0048264 0.0115698 0.0046301 0.0048289 0.0050264 0.0330463 0.0329439 0.0118823 0.0125187 0.0120958 0.0130673 0.0121982 0.0124062 0.0119922 0.0520140 0.0514061 0.0130515 0.0132709 0.0194410 0.0092682 0.0089837 0.0503204 0.0211753 0.0200573 0.0283372 0.0094006 0.0071641 0.0331138 0.0520839 0.0332214 0.0329316 0.0046285 0.0064879 0.0131577 0.0320824 0.0115800 0.0332699 
OR757493|culex_pipiens|ita|2023-07-15              0.0074539 0.0081589 0.0083795 0.0078528 0.0082102 0.0073207 0.0078794 0.0075523 0.0085252 0.0078756 0.0078519 0.0079040 0.0079407 0.0069896 0.0077126 0.0068422 0.0000000 0.0067413 0.0065865 0.0073715 0.0074549 0.0145086 0.0321406 0.0134715 0.0330303 0.0326699 0.0335465 0.0132540 0.0339085 0.0330195 0.0117884 0.0334375 0.0138850 0.0329240 0.0323322 0.0324241 0.0330514 0.0341553 0.0321362 0.0328712 0.0326441 0.0317269 0.0073369 0.0067529 0.0082736 0.0074370 0.0067035 0.0068473 0.0058481 0.0058739 0.0058443 0.0075415 0.0066556 0.0065502 0.0074935 0.0136699 0.0332181 0.0290509 0.0277692 0.0313894 0.0284913 0.0313937 0.0313203 0.0381462 0.0064793 0.0052077 0.0053330 0.0067456 0.0042286 0.0063362 0.0064507 0.0072761 0.0340003 0.0329953 0.0324195 0.0332234 0.0329826 0.0327701 0.0324589 0.0336751 0.0528288 0.0148240 0.0509832 0.0333772 0.0053294 0.0332406 0.0069477 0.0063405 0.0074511 0.0073491 0.0045288 0.0080552 0.0070487 0.0052332 0.0079667 0.0043359 0.0048326 0.0059382 0.0091856 0.0055290 0.0085605 0.0059384 0.0059421 0.0062389 0.0043452 0.0064412 0.0045503 0.0062410 0.0057653 0.0042440 0.0057327 0.0065431 0.0057332 0.0073569 0.0062395 0.0043492 0.0062478 0.0070460 0.0066374 0.0324402 0.0288571 0.0386817 0.0338571 0.0138925 0.0330226 0.0322403 0.0318806 0.0336470 0.0339708 0.0337743 0.0126883 0.0329305 0.0332774 0.0330764 0.0331544 0.0328164 0.0329539 0.0328484 0.0127380 0.0337493 0.0133589 0.0342712 0.0337632 0.0336236 0.0330655 0.0141044 0.0204290 0.0397057 0.0404328 0.0121311 0.0132802 0.0312445 0.0278367 0.0054319 0.0129608 0.0051276 0.0110534 0.0045306 0.0049288 0.0049251 0.0331758 0.0333045 0.0121936 0.0128313 0.0124076 0.0129631 0.0125101 0.0127184 0.0123038 0.0520053 0.0521542 0.0133651 0.0135851 0.0211276 0.0100177 0.0086781 0.0503120 0.0217389 0.0201741 0.0285379 0.0092985 0.0076784 0.0332373 0.0525802 0.0331199 0.0330611 0.0081586 0.0069005 0.0134715 0.0324407 0.0116839 0.0333996 
OR757494|turdus_merula|ita|2023-07-24              0.0032367 0.0079456 0.0078522 0.0046277 0.0077854 0.0071050 0.0076759 0.0027133 0.0082056 0.0076673 0.0075404 0.0076962 0.0075262 0.0065664 0.0075047 0.0018552 0.0067413 0.0000000 0.0063755 0.0067604 0.0074546 0.0142981 0.0314504 0.0132619 0.0327988 0.0322090 0.0333141 0.0130447 0.0336757 0.0323279 0.0115807 0.0332052 0.0136751 0.0326926 0.0325864 0.0323036 0.0330427 0.0340202 0.0309513 0.0323891 0.0323497 0.0316032 0.0073322 0.0068514 0.0077047 0.0073308 0.0040690 0.0070489 0.0058462 0.0058736 0.0064534 0.0070174 0.0066553 0.0063371 0.0072757 0.0134602 0.0329710 0.0287855 0.0273983 0.0318388 0.0277572 0.0313644 0.0318876 0.0385112 0.0048848 0.0050012 0.0053328 0.0061388 0.0038314 0.0021497 0.0066521 0.0074788 0.0337724 0.0327685 0.0317279 0.0329912 0.0325228 0.0325434 0.0319793 0.0332114 0.0524808 0.0146132 0.0513918 0.0331454 0.0051293 0.0330068 0.0063402 0.0037373 0.0076561 0.0073515 0.0035343 0.0080579 0.0071520 0.0050303 0.0078679 0.0033410 0.0046330 0.0051332 0.0091887 0.0053278 0.0085634 0.0049336 0.0049366 0.0052336 0.0039455 0.0062397 0.0036506 0.0060396 0.0047576 0.0040445 0.0053319 0.0059371 0.0057329 0.0063445 0.0056367 0.0039491 0.0053412 0.0068439 0.0064359 0.0319797 0.0286299 0.0387206 0.0336247 0.0136824 0.0327912 0.0320094 0.0316502 0.0334146 0.0337384 0.0333104 0.0122120 0.0326990 0.0328149 0.0329571 0.0329227 0.0325850 0.0327222 0.0328474 0.0125273 0.0332859 0.0131495 0.0338060 0.0335308 0.0331606 0.0326031 0.0138941 0.0204283 0.0399600 0.0409290 0.0121304 0.0132797 0.0312436 0.0276106 0.0052307 0.0129603 0.0047267 0.0114662 0.0045305 0.0047292 0.0049267 0.0329440 0.0328416 0.0117785 0.0126225 0.0121994 0.0129626 0.0123018 0.0125099 0.0120957 0.0524159 0.0519167 0.0131556 0.0133752 0.0200016 0.0100182 0.0088816 0.0507189 0.0212924 0.0199566 0.0280852 0.0092982 0.0074702 0.0330103 0.0519799 0.0331190 0.0328294 0.0047282 0.0067951 0.0132619 0.0319802 0.0114763 0.0331676 
OR757495|culex_pipiens|ita|2023-07-18              0.0071039 0.0052282 0.0051682 0.0077218 0.0081205 0.0074396 0.0051557 0.0067334 0.0085425 0.0052454 0.0079251 0.0079322 0.0050444 0.0005019 0.0077325 0.0062746 0.0065865 0.0063755 0.0000000 0.0045234 0.0070045 0.0144134 0.0324301 0.0135677 0.0334586 0.0332066 0.0341054 0.0133452 0.0344764 0.0333288 0.0118467 0.0342309 0.0139905 0.0334672 0.0333919 0.0330898 0.0339967 0.0346559 0.0327648 0.0336720 0.0338431 0.0326945 0.0046542 0.0069025 0.0081772 0.0077664 0.0064836 0.0046305 0.0059656 0.0060083 0.0023938 0.0049615 0.0071180 0.0064289 0.0048575 0.0136636 0.0337587 0.0283730 0.0270067 0.0313257 0.0275813 0.0312010 0.0314922 0.0391664 0.0061728 0.0056505 0.0055569 0.0065905 0.0040197 0.0061694 0.0042227 0.0050436 0.0347058 0.0337935 0.0328455 0.0340118 0.0336608 0.0334435 0.0331440 0.0342371 0.0536080 0.0148401 0.0522479 0.0341676 0.0052454 0.0340350 0.0067969 0.0062779 0.0077251 0.0076236 0.0047333 0.0081389 0.0073160 0.0054547 0.0082565 0.0045362 0.0050448 0.0061764 0.0095047 0.0057573 0.0088640 0.0061767 0.0061806 0.0064843 0.0043420 0.0058642 0.0047570 0.0064865 0.0060006 0.0044424 0.0033071 0.0063836 0.0061718 0.0075255 0.0062791 0.0043461 0.0064937 0.0072072 0.0068920 0.0329714 0.0294262 0.0391647 0.0345416 0.0139982 0.0338040 0.0330029 0.0322816 0.0342080 0.0346581 0.0342204 0.0126502 0.0334740 0.0340657 0.0337606 0.0339395 0.0335934 0.0334984 0.0336269 0.0128157 0.0340757 0.0132389 0.0346103 0.0345642 0.0339470 0.0336125 0.0140004 0.0207955 0.0408032 0.0415527 0.0125832 0.0136961 0.0317626 0.0282706 0.0056581 0.0133689 0.0053473 0.0117315 0.0049403 0.0051439 0.0053460 0.0338434 0.0338574 0.0122609 0.0129129 0.0124798 0.0134747 0.0125845 0.0127975 0.0122675 0.0532979 0.0531894 0.0133519 0.0136839 0.0195061 0.0095553 0.0091903 0.0515575 0.0220266 0.0201906 0.0286426 0.0097219 0.0048478 0.0341620 0.0533534 0.0339059 0.0336080 0.0080341 0.0043352 0.0135677 0.0329720 0.0117398 0.0341912 
OR757496|NA|ita|2023-07-15                         0.0076781 0.0059410 0.0062853 0.0082859 0.0088348 0.0081580 0.0060630 0.0075483 0.0092575 0.0062199 0.0084929 0.0083082 0.0059037 0.0048938 0.0083216 0.0068616 0.0073715 0.0067604 0.0045234 0.0000000 0.0082932 0.0146602 0.0320257 0.0140397 0.0327881 0.0325422 0.0334207 0.0136052 0.0340161 0.0326617 0.0123462 0.0333114 0.0144553 0.0327969 0.0327964 0.0325096 0.0331401 0.0338488 0.0314972 0.0326217 0.0323079 0.0311799 0.0056679 0.0074832 0.0088322 0.0082683 0.0069035 0.0052429 0.0064736 0.0065019 0.0046496 0.0056668 0.0074895 0.0069630 0.0054728 0.0140229 0.0329601 0.0290245 0.0277519 0.0327868 0.0282305 0.0325674 0.0329553 0.0391378 0.0072202 0.0058581 0.0059538 0.0071730 0.0046416 0.0065559 0.0048475 0.0056616 0.0342351 0.0329912 0.0324281 0.0330967 0.0329784 0.0329994 0.0325734 0.0337819 0.0537011 0.0153994 0.0520984 0.0332512 0.0057496 0.0331131 0.0073762 0.0065634 0.0082925 0.0079859 0.0051438 0.0084925 0.0077854 0.0060548 0.0086085 0.0049505 0.0054511 0.0065632 0.0098354 0.0061505 0.0092051 0.0065634 0.0065675 0.0066635 0.0048608 0.0062559 0.0050677 0.0066657 0.0063921 0.0048591 0.0037407 0.0069694 0.0065583 0.0077879 0.0066641 0.0048653 0.0068756 0.0075765 0.0072664 0.0325571 0.0300997 0.0393418 0.0336165 0.0144632 0.0328957 0.0321114 0.0318663 0.0335215 0.0334986 0.0337655 0.0132120 0.0330346 0.0331511 0.0331634 0.0330278 0.0326890 0.0328267 0.0329523 0.0133062 0.0333923 0.0137160 0.0343801 0.0336380 0.0332665 0.0329385 0.0146763 0.0206038 0.0405892 0.0415657 0.0127610 0.0139559 0.0325104 0.0288423 0.0060532 0.0136343 0.0057474 0.0123368 0.0053464 0.0055464 0.0057460 0.0330492 0.0329465 0.0127533 0.0133952 0.0129688 0.0138470 0.0130718 0.0132813 0.0128644 0.0531289 0.0527685 0.0139326 0.0141544 0.0193414 0.0105093 0.0097317 0.0516742 0.0222540 0.0213348 0.0293224 0.0103582 0.0058196 0.0332340 0.0531966 0.0334570 0.0331657 0.0085933 0.0052420 0.0140397 0.0320821 0.0122410 0.0332736 
